bequest_scale_high: 0.3747866103920537
bequest_scale_low: 0.04864434701739462
beta: 0.97
disutil_children_ft_work_high: 0.09101972008013176
disutil_children_ft_work_high_informal_care: 0.14081847715187212
disutil_children_ft_work_low: 0.2072411222100497
disutil_children_ft_work_low_informal_care: 0.21638250974134549
disutil_children_pt_work_high: -0.08487269282394037
disutil_children_pt_work_high_informal_care: 0.07553240261248617
disutil_children_pt_work_low: 0.04864943310670637
disutil_children_pt_work_low_informal_care: 0.18066950305043283
disutil_ft_work_high_bad: 3.1587865605237946
disutil_ft_work_high_bad_informal_care: 1.7814423824347894
disutil_ft_work_high_good: 0.20836314193950134
disutil_ft_work_high_good_informal_care: 0.40774214383465324
disutil_ft_work_low_bad: 0.2092854286499142
disutil_ft_work_low_bad_informal_care: 0.7625493066226842
disutil_ft_work_low_good: 0.14431855102404234
disutil_ft_work_low_good_informal_care: 0.7168066289266508
disutil_partner_retired: -0.21466408681291171
disutil_pt_work_high_bad: 0.03651004972587792
disutil_pt_work_high_bad_informal_care: 0.3739569910854383
disutil_pt_work_high_good: 0.5190549801917044
disutil_pt_work_high_good_informal_care: 0.45879454841239947
disutil_pt_work_low_bad: 0.1475388929341138
disutil_pt_work_low_bad_informal_care: 0.4379095543558514
disutil_pt_work_low_good: 0.2764058252876268
disutil_pt_work_low_good_informal_care: 0.5958314960347549
disutil_unemployed_high_women: 0.45327347769616094
disutil_unemployed_high_women_informal_care: 0.30670781140653336
disutil_unemployed_low_women: 0.3929663752218085
disutil_unemployed_low_women_informal_care: 0.1723473946618585
interest_rate: 0.03
job_finding_logit_age_cubed_women: -3.162982266453729e-05
job_finding_logit_age_squared_women: 0.0016012387939461
job_finding_logit_age_women: 0.0065131540323549
job_finding_logit_const_women: -2.03524742129707
job_finding_logit_high_educ_women: 0.6955095961575429
lambda: 0.31376178112163244
rho_bequest_high: 1.3951282119970243
rho_bequest_low: 1.0877082106472633
rho_high: 3.28776442553624
rho_low: 3.551732641680834
sigma: 0.16471062648214
util_formal_care: -0.13032293497623024
util_informal_care: 0.08588582430483864
util_joint_informal_care: -0.06862014168567364
