bequest_scale_high: 1.3677034757939588
bequest_scale_low: 4.30269155171031
beta: 0.97
disutil_children_ft_work_high: 0.12090140750287473
disutil_children_ft_work_low: 0.007337455373236674
disutil_children_pt_work_high: -0.02213255569707709
disutil_children_pt_work_low: 0.0021622039088408465
disutil_ft_work_high_bad: 1.6580568361870969
disutil_ft_work_high_good: 0.23241491551335913
disutil_ft_work_low_bad: 0.000812458602497795
disutil_ft_work_low_good: 0.4668441320736632
disutil_partner_retired: -0.04564251401379579
disutil_pt_work_high_bad: 0.15698335928843443
disutil_pt_work_high_good: 0.44048973880563436
disutil_pt_work_low_bad: 0.0022498853589938937
disutil_pt_work_low_good: 0.4144212733917327
disutil_unemployed_high_women: 0.5042289327447346
disutil_unemployed_low_women: 0.4277796889630329
interest_rate: 0.03
job_finding_logit_age_cubed_women: -3.162982266453729e-05
job_finding_logit_age_squared_women: 0.0016012387939461
job_finding_logit_age_women: 0.0065131540323549
job_finding_logit_const_women: -2.03524742129707
job_finding_logit_high_educ_women: 0.6955095961575429
lambda: 0.24936434277150238
rho_bequest_high: 1.6433891464114865
rho_bequest_low: 1.6496936493769576
rho_high: 3.3833107408361416
rho_low: 2.9421771373227212
sigma: 0.16471062648214
