bequest_scale: 2.4
disutil_children_ft_work_high: 0.2
disutil_children_ft_work_low: 0.2
disutil_children_pt_work: 0
disutil_ft_work_bad_women: 1.8
disutil_ft_work_good_women: 1.4
disutil_pt_work_bad_women: 1.6
disutil_pt_work_good_women: 1.2
disutil_unemployed_women: 1.2
job_finding_logit_age_cubed_women: -2.983210207206121e-05
job_finding_logit_age_squared_women: 0.0014177601887883
job_finding_logit_age_women: 0.0108481050361245
job_finding_logit_const_women: -2.026382952368805
job_finding_logit_high_educ_women: 0.6893772503705685
lambda: 0.5
rho: 1.5
util_formal_care_women: -0.4856233035613876
util_ft_work_and_care_women: -0.8453716634375091
util_informal_care_high_women: 0.5567180378318058
util_informal_care_low_women: 0.9258340794582441
util_pt_work_and_care_women: -0.7590591882035236
util_unemployed_and_care_women: -0.12269554996567385
