bequest_scale: 2.4
beta: 0.97
disutil_children_ft_work_high: 0.10108123507916474
disutil_children_ft_work_low: 0.10800638346372522
disutil_children_pt_work: 0.07961237417893248
disutil_ft_work_bad_women: 3.025827422033017
disutil_ft_work_good_women: 2.8504908655256718
disutil_pt_work_bad_women: 2.9558778528813034
disutil_pt_work_good_women: 2.1338586697961457
disutil_unemployed_women: 2.6654188449619967
interest_rate: 0.03
job_finding_logit_age_women: -0.0475783164531643
job_finding_logit_const_women: 0.5135874720361568
job_finding_logit_high_educ_women: 0.7045008453729357
lambda: 0.29
rho: 1.5
sigma: 0.1666109733061748
util_formal_care_women: -2
util_ft_work_and_care_women: -1.3
util_informal_care_high_women: 1.6
util_informal_care_low_women: 2.0
util_pt_work_and_care_women: -1.0
util_unemployed_and_care_women: -0.2
