bequest_scale: 2.4
beta: 0.97
disutil_children_ft_work_high: 0.2
disutil_children_ft_work_low: 0.2
disutil_children_pt_work: 0.2
disutil_ft_work_bad_women: 1.3
disutil_ft_work_good_women: 1.3
disutil_pt_work_bad_women: 1.3
disutil_pt_work_good_women: 1.3
disutil_unemployed_high_women: 1.0
disutil_unemployed_low_women: 1.0
interest_rate: 0.03
job_finding_logit_age_cubed_women: -3.2041743682156025e-05
job_finding_logit_age_squared_women: 0.0016578025012894
job_finding_logit_age_women: 0.0040291553763522
job_finding_logit_const_women: -2.0008153151086847
job_finding_logit_high_educ_women: 0.6955897899414059
lambda: 0.5
rho: 1.98
sigma: 0.1658367321056911
util_formal_care_women: -0.4856233035613876
util_ft_work_and_care_women: -0.8453716634375091
util_informal_care_high_women: 0.5567180378318058
util_informal_care_low_women: 0.9258340794582441
util_pt_work_and_care_women: -0.7590591882035236
util_unemployed_and_care_women: -0.12269554996567385
