bequest_scale: 2.4
beta: 0.97
disutil_children_ft_work_high: 0.17171908903985106
disutil_children_ft_work_low: 0.1290318323264427
disutil_children_pt_work: 0.23716319765490268
disutil_ft_work_bad_women: 2.7473664974189154
disutil_ft_work_good_women: 1.3294636957109807
disutil_pt_work_bad_women: 1.210970100136842
disutil_pt_work_good_women: 1.1293664404945978
disutil_unemployed_women: 0.8641637897255467
interest_rate: 0.03
job_finding_logit_age_women: -0.0475783164531643
job_finding_logit_const_women: 0.5135874720361568
job_finding_logit_high_educ_women: 0.7045008453729357
lambda: 0.188315279
rho: 1.5
sigma: 0.1666109733061748
util_formal_care_women: -0.4856233035613876
util_ft_work_and_care_women: -0.8453716634375091
util_informal_care_high_women: 0.5567180378318058
util_informal_care_low_women: 0.9258340794582441
util_pt_work_and_care_women: -0.7590591882035236
util_unemployed_and_care_women: -0.12269554996567385
